4294967278,6
4294967278,5
4294967279,131
4294967278,48
4294967278,46
4294967278,45
4294967278,44
4294967278,43
4294967278,42
4294967278,41
4294967278,40
4294967278,39
4294967278,38
4294967278,37
4294967278,36
4294967278,35
4294967278,34
4294967278,33
4294967278,32
4294967278,31
4294967278,30
4294967278,29
4294967278,28
4294967278,27
4294967278,26
4294967278,25
4294967278,24
4294967278,23
4294967278,22
4294967278,21
4294967278,20
4294967278,19
4294967278,18
4294967278,17
4294967278,16
4294967278,15
4294967278,14
4294967278,13
4294967278,12
4294967278,11
4294967278,10
4294967278,9
4294967278,8
4294967279,123
4294967279,122
4294967279,260
4294967278,245
4294967279,241
142,4
4294967279,239
142,3
142,2
142,1
4294967279,328
4294967294,1418
4294967294,437
4294967278,297
4294967278,230
4294967278,224
4294967278,218
4294967278,222
141,5
4294967279,221
141,4
4294967278,220
141,3
141,2
141,1
4294967278,214
4294967279,556
4294967278,213
4294967278,212
4294967278,352
4294967278,210
139,6
4294967294,395
4294967294,413
4294967294,420
4294967294,385
4294967294,913
4294967294,384
4294967294,406
4294967294,456
4294967294,118
4294967278,350
139,5
4294967278,205
139,4
139,3
139,2
139,1
4294967278,204
4294967278,203
4294967279,327
4294967278,201
138,5
4294967278,199
138,4
138,3
138,2
138,1
4294967278,365
4294967279,553
4294967279,568
4294967278,192
137,4
137,3
137,2
137,1
4294967279,552
4294967279,187
4294967278,184
4294967294,910
4294967294,966
4294967294,964
4294967294,898
4294967294,401
4294967294,170
4294967294,907
4294967279,186
4294967278,306
4294967279,185
136,5
4294967278,182
136,4
136,3
136,2
136,1
4294967279,575
4294967278,181
4294967279,181
4294967278,180
4294967279,180
4294967279,179
4294967278,178
4294967278,339
4294967279,178
4294967278,177
4294967278,176
4294967278,175
4294967279,175
4294967278,173
134,4
4294967279,173
134,3
134,2
134,1
4294967279,574
4294967278,172
4294967279,172
4294967279,326
4294967278,303
4294967278,302
4294967279,293
4294967278,301
4294967279,292
4294967278,300
4294967279,291
4294967278,299
4294967279,289
4294967279,290
4294967278,298
4294967278,174
4294967278,50
4294967278,49
4294967278,51
4294967278,296
4294967279,288
4294967278,161
133,4
133,3
133,2
133,1
4294967278,391
4294967278,47
4294967278,159
4294967278,156
4294967278,155
4294967279,154
4294967278,154
4294967279,153
4294967278,153
4294967279,152
4294967279,151
4294967278,151
4294967279,148
4294967279,150
132,5
132,4
4294967279,149
132,3
132,2
132,1
4294967279,517
4294967279,146
4294967278,291
4294967279,145
4294967279,144
4294967278,390
4294967278,389
4294967278,348
4294967279,142
130,6
4294967279,572
4294967279,563
130,5
4294967279,272
130,4
130,3
130,2
130,1
4294967278,330
4294967279,136
4294967279,135
4294967279,134
4294967278,288
4294967279,133
129,5
4294967279,270
129,4
129,3
129,2
129,1
4294967279,266
4294967294,396
4294967294,399
4294967294,1415
4294967294,178
4294967294,407
4294967294,179
4294967294,110
4294967294,448
4294967278,283
4294967279,263
128,4
128,3
128,2
128,1
4294967278,280
4294967279,562
4294967278,285
4294967279,254
4294967278,262
4294967278,380
4294967279,281
127,5
127,4
127,3
127,2
127,1
4294967278,324
4294967278,323
4294967278,322
4294967279,315
4294967278,320
4294967278,254
125,4
4294967278,317
125,3
125,2
125,1
4294967278,252
4294967278,253
4294967278,388
4294967278,0
4294967278,243
4294967278,239
4294967278,241
4294967294,942
4294967294,941
4294967294,939
4294967294,938
4294967294,933
4294967294,922
4294967294,436
4294967294,830
4294967294,829
4294967294,828
4294967294,827
4294967294,60
4294967279,233
4294967294,30
4294967294,164
4294967294,387
4294967294,388
4294967294,165
4294967294,113
4294967294,167
4294967294,177
4294967279,231
4294967279,229
4294967278,228
4294967279,227
4294967278,226
4294967294,175
4294967294,183
4294967294,444
4294967294,18
4294967294,127
4294967294,14
4294967294,126
4294967294,20
4294967294,13
4294967294,166
4294967294,24
4294967294,12
4294967294,104
4294967294,106
4294967294,160
4294967294,168
4294967278,59
4294967278,58
4294967278,57
4294967278,56
4294967278,55
4294967278,54
4294967278,53
4294967278,52
4294967279,80
4294967279,74
4294967279,73
4294967279,71
4294967279,69
4294967279,66
4294967279,63
4294967279,62
4294967279,59
4294967279,58
4294967279,57
4294967279,55
4294967279,54
4294967279,52
4294967279,50
4294967279,49
4294967279,48
4294967279,44
4294967279,42
4294967279,39
4294967279,36
4294967279,35
4294967279,34
4294967279,32
4294967279,23
4294967279,22
4294967279,21
4294967279,19
4294967279,16
4294967279,14
4294967279,13
4294967279,10
4294967279,223
4294967279,325
4294967278,216
4294967278,215
4294967279,214
4294967278,211
4294967279,209
4294967279,211
124,5
124,4
4294967279,210
124,3
124,2
124,1
4294967278,379
4294967279,287
4294967279,520
4294967279,38
4294967279,26
4294967279,20
4294967279,18
4294967279,11
4294967279,9
4294967294,115
4294967279,531
4294967278,367
4294967278,314
122,6
4294967294,161
4294967294,182
4294967294,190
4294967294,918
4294967278,366
4294967279,304
4294967279,554
122,5
122,4
4294967278,197
122,3
122,2
122,1
4294967279,324
4294967278,376
4294967278,310
121,5
121,4
121,3
121,2
121,1
4294967279,526
4294967279,567
4294967279,299
4294967278,375
120,4
120,3
120,2
120,1
4294967279,182
4294967278,179
4294967294,470
4294967278,340
4294967279,523
4294967279,323
119,5
119,4
119,3
119,2
119,1
118,4
